6.559573  
11.101109  
27.525667  
10.075301  
39.299078  
14.961228  
13.039383  
50.859837  
8.238219  
3.390809  
32.224305  
9.302146  
20.292797  
122.889034  
54.777933  
22.858972  
4.226932  
12.392389  
15.797467  
38.728543  
12.181137  
12.370802  
60.687121  
22.274037  
30.879138  
10.896300  
23.812437  
14.248167  
50.524559  
15.755845  
19.746061  
8.437359  
86.073332  
15.182044  
13.210167  
35.622997  
36.542906  
6.462751  
15.876781  
21.664032  
54.933271  
