26155.845527  
47166.406883  
113357.769439  
46980.808876  
163989.373236  
67665.379397  
56133.161542  
218999.344564  
33088.037954  
14017.417844  
153027.234229  
37940.481191  
89302.988278  
530557.269724  
255330.576883  
102974.980330  
17271.286112  
53988.023230  
72213.594055  
172760.460486  
56212.329216  
53379.629380  
250828.452685  
103940.533056  
137146.075167  
47040.683948  
104365.822614  
61728.434615  
224130.025596  
67835.306628  
89163.906351  
36079.365011  
369232.168428  
68783.724684  
61269.450315  
152257.014224  
164539.773025  
26119.562387  
68799.170482  
99124.680721  
235889.494496  
