8.354706 
15.239604 
37.555924 
14.643909 
54.669478 
22.065961 
17.087319 
70.092563 
10.966140 
4.445091 
46.085847 
12.343601 
27.056701 
169.097236 
76.308529 
34.611961 
5.523631 
16.742060 
22.799117 
54.377785 
16.688556 
16.446987 
82.714445 
31.618631 
45.178464 
16.276883 
32.901795 
19.394065 
67.980898 
21.195604 
26.550724 
11.501079 
116.543319 
20.725815 
19.580928 
48.239115 
49.531479 
8.278986 
22.298487 
32.203592 
75.249764 
ABKGROUP_ORION